-3.524170665198533836e-01
1.836625509567257897e+00
-2.272091207534501667e+00
-1.866675933742898419e+00
-1.663788155834378557e+00
-2.077557788142243567e+00
3.817802919625140623e-01
-5.919422320249601022e-01
-1.051918130183111977e+00
2.375823879161409913e+00
1.620240906651810864e+00
9.855754602975869139e-01
-1.030256210113913884e+00
1.986478484736607930e+00
-1.091324231116798105e+00
-7.085692821748057479e-01
1.772530607235440758e+00
1.459283925913985591e+00
-1.001177067190362369e+00
2.641385401705065306e-01
-1.590626838743368632e+00
-4.338511033787134652e-01
-2.482915282062608808e-01
1.422069003356169592e+00
-6.066005972070320773e-01
-2.403880694638047100e+00
-1.111435629112328405e+00
7.057614623187752345e-01
-1.331996489584696963e+00
-2.861512879365119000e-01
2.127456369052436180e+00
1.847593716631957150e+00
1.149891587407742000e-01
-2.290685809545021989e+00
2.178122681494378821e+00
-8.722779021211590766e-01
2.480382464357282934e+00
-2.234104781327333367e+00
-1.890996900918657353e+00
-3.589519071777724779e-01
-1.754607113651558414e+00
-9.258640057482309116e-01
-7.252290940117622764e-01
4.549975293394731279e-01
-4.839113398874961280e-01
-9.219625154607435924e-01
-2.310673848805455233e+00
-7.541181724548079446e-01
-1.347500101704340869e+00
2.574461023667351522e-01
-3.633362084523850122e-01
-7.823692546675581339e-01
1.798199478066813572e+00
4.125835783071074570e-02
1.041549598581131830e+00
-1.259945512491448927e+00
-2.400442236605321966e+00
-4.926900149335139423e-01
1.003859148642025190e+00
5.628945651547323514e-01
-1.495463574362480674e+00
-4.270343421434974474e-01
-1.826164448478305724e+00
-2.270023404188734606e+00
-2.860158025838127616e-01
1.296606662112818054e+00
-5.680372304084718715e-01
-2.337472238633690580e+00
-1.220617831490978134e+00
-1.080999086484139671e+00
-1.894327401042296133e+00
-3.950325659760306474e-01
2.328935837547281729e+00
-8.731887578764196967e-02
-7.045393977416025688e-01
2.007737329644960322e+00
-1.093752786470015836e+00
8.146248596982691437e-01
7.929112566748158786e-01
1.944331192401824282e+00
-1.463005170561404444e+00
1.408083844088919845e+00
5.151234103800023112e-01
-8.270239868975781672e-01
8.455405848872921126e-01
-2.496060596788573172e+00
-5.949539023320277176e-01
-1.951646097777612443e+00
-1.474937521902865978e+00
-2.679064026417005140e-01
-8.742153888207487844e-01
6.297387340858195959e-01
-3.124483940489203304e-01
1.256632099795952362e+00
-1.508829710166751381e+00
4.837656571157639140e-01
2.341079349363876627e+00
1.110042673581029815e-01
1.863893961474814009e+00
3.171067679522932004e-01
-1.793543941391684715e+00
8.870388732665540621e-01
-2.463346637447147103e+00
6.044507708806168278e-01
6.658531794517802416e-01
5.445632417740953191e-01
1.949844115575798842e+00
-9.660386517492985936e-01
-1.699061661900803655e+00
-1.938859602212259503e+00
-2.069122270920355611e+00
-2.115533130916643856e+00
1.965060780169856525e+00
-1.479404345841380808e+00
-7.606511456583353592e-01
2.972857722486371701e-01
-1.665214574788946855e+00
-1.750981643713330094e+00
1.503386412904816893e-01
1.637768766810305809e+00
9.256380800649716134e-01
-1.801967014889949148e+00
-4.736595435561574696e-01
-8.762846798966444917e-01
-5.873258311337520299e-01
4.520771811273710528e-01
2.160104039512153573e+00
5.807173429294443245e-01
1.160995023314119745e+00
7.555452917600624652e-01
6.338530802513120399e-02
2.013151055575476356e+00
1.975920159861459968e+00
-6.327579131105592891e-01
9.950371913966143955e-01
-5.344508383484702918e-01
-2.021195165812547323e+00
2.026801229826471928e+00
-9.622079089323443135e-01
-2.388815309461999270e+00
2.043389512325727297e-01
-2.356162714716881545e+00
-1.810076447838099956e+00
-1.339480766213095198e+00
1.386310740569066668e+00
-2.081965423038293572e+00
-3.717493014080575087e-01
-1.907648568381250520e+00
1.686205618161890074e+00
-8.129738549972670425e-01
-9.125485043550041198e-02
1.509364529293322654e+00
1.404733259019741887e+00
-2.377539908439491034e-01
-7.039548054559813250e-01
-2.239628361355140207e+00
-1.461408185310564267e+00
1.585436541046502779e+00
-1.326872341458206872e+00
3.959989113593204157e-01
-1.740429975529158124e+00
-5.405189057541076592e-01
2.132054747156406194e+00
1.392136134780254775e+00
6.795202573742742391e-01
-2.415981694223823251e+00
-7.080431554698835006e-01
6.629360606260309430e-01
1.703593736695435679e-01
-5.302840128539859643e-01
2.711073552215848004e-01
1.338170780142622363e-01
-5.069337348301633517e-01
1.448661342720670042e+00
-2.459046624989471130e+00
-1.333360774794473125e-01
2.614385393558904536e-01
6.763952287225055704e-01
1.904958448112187286e+00
-2.199971924061832507e+00
-2.427904562948357547e+00
3.669202647686531371e-01
-1.924963320264520661e+00
-7.549391856696835434e-01
-2.235011979578725771e+00
-2.135108995107843910e+00
3.669403841804780297e-01
-2.377054837411493704e+00
6.042803596046253389e-01
-7.509608366641395971e-01
-1.784444448304072228e+00
-6.314874359342154131e-01
-1.727871987436525592e+00
1.425731997201569179e+00
-9.126726664106232789e-01
2.398746372957341499e+00
-1.068750492144103337e+00
7.681173304023514170e-01
-2.318541810986352036e+00
1.637578273977382981e+00
2.192243776014069390e+00
-3.671695086953036258e-01
-1.384548362156627910e+00
1.053297114179124749e-01
-2.027048017145003822e+00
1.529866782525479696e-01
2.017911598931333650e+00
2.371939327837166989e+00
1.002376893882315212e+00
1.255511486797877829e-01
1.505549054422203437e+00
-2.563048562150271881e-01
-1.640094928258539753e-01
2.027544832585392864e+00
2.494515136452296611e-01
-1.920703648608466096e+00
-2.235199838881707812e+00
3.686097891418099737e-01
-5.783227106720195687e-01
1.583361764052159115e+00
-2.241758800405429852e+00
1.789263071483909728e+00
-9.163688620946669472e-01
-3.222271932038506259e-01
-2.065257600091280343e-01
-1.867815848370334431e+00
-3.479326865896636978e-02
1.296803933228020789e+00
1.752741613984742930e-01
1.727271637898547541e+00
1.719050034677759964e+00
5.481198118825153509e-01
-2.023514028664372688e+00
-1.611648935231176916e+00
1.336224066438812530e+00
9.867762403648483449e-01
-3.480362587754465276e-01
1.862258647067421169e+00
1.502017065687616393e-01
1.778993684955774590e+00
1.682570151399801484e+00
1.421449613833092318e+00
6.979850385079600095e-01
9.817766222062834780e-01
-4.051960493848871803e-02
-8.176199405571538126e-01
-1.044592071907799014e+00
1.419331116403499404e+00
3.229095598572079284e-01
8.892106869773430677e-01
3.921930198286016633e-02
1.004152242101091108e+00
-8.881151256381425441e-01
1.753045389517136510e+00
2.524493271821703910e-01
-8.543327215277657372e-01
1.252325323783794353e+00
-1.737940964437478364e+00
1.661897008600458081e+00
5.487190929380503235e-01
-2.283390867903370314e+00
-1.329955257374666910e+00
1.976364762732883307e+00
-1.990226853201684687e+00
-2.453978216942380275e+00
-2.438903706100081337e+00
-1.266859271295219802e+00
-1.647028481249989129e+00
-1.696310005321390424e+00
-1.649234809256050482e-01
2.173199930199223751e+00
-1.137339243856086979e+00
1.987692597530212879e+00
2.370515864382242821e+00
1.427987245447646103e+00
-1.258910964413134659e-01
-2.210491644073880657e+00
-6.791683038702572839e-01
1.474216744519364353e+00
2.045201876103274863e+00
-1.288961366248198015e+00
1.599137502156326995e+00
-9.123916260100251030e-01
-5.676220719662961045e-01
-1.494543773812422316e+00
2.386442149417332015e+00
-1.578174525975056808e-01
-1.555475440423785383e+00
-9.671729654262212206e-01
1.305892136928551439e+00
-2.022149836970235981e+00
-1.299439894676201579e+00
-2.434959542272881805e+00
-1.524796852419663118e-01
2.425774697380972400e-01
2.285673665505443708e+00
2.498773279922146262e+00
8.740319154790004985e-01
-1.252162029579664715e+00
-1.513794919703723707e+00
