-7.416686226978491447e+00
-7.993094978598101363e+00
-7.179935338618657070e+00
-6.370178710115865783e+00
-7.615855321269090261e+00
-6.037868298814438539e+00
-5.208666844586422151e+00
-7.239590569530196973e+00
-4.675544564060990282e+00
-5.751060529952284561e+00
-5.163686567864500532e+00
-3.235624397414002651e+00
-4.225354151255801050e+00
-3.431858222786804635e+00
-4.830217109508592621e+00
-3.487566835453119740e+00
-3.946714160424904971e+00
-3.546398583396206838e+00
-4.486225595489189644e+00
-2.469039076595232807e+00
-4.667073134148649771e+00
-3.764915337765095682e+00
-1.952789530736879886e+00
-2.706655230862316408e+00
-1.995431939329586735e+00
-3.442723056260164061e+00
-2.636360267281426584e+00
-1.854506195751917996e+00
-1.670168231858869756e+00
-1.104784125600408951e+00
-9.350853336869900945e-01
1.194955624967349861e+00
1.677189321375013087e+00
-8.988070981235919410e-01
6.224530004464516875e-01
2.601469269150196606e+00
-1.830148395741624245e-01
1.022041260093057513e+00
1.893497880247217990e+00
-2.861517083994369326e-01
2.137624045991536548e+00
2.441227804223474962e+00
3.119036951775806532e-01
3.770736952551996701e+00
2.441211569321317665e+00
3.317476497453491824e+00
2.152439506151825555e+00
2.272114092619790249e-01
3.170051754137435118e+00
1.563554307511376917e+00
2.784617872574138620e+00
1.153882598339808219e+00
1.427636787651729300e+00
2.306023606546050431e+00
3.219732317647636677e+00
3.831041538942933755e+00
4.404870664801396885e+00
3.817376293251547370e+00
4.433370869672636161e+00
5.761706675474676409e+00
5.724984594758646850e+00
7.085378139880330828e+00
6.694681531886887527e+00
7.629130110040758694e+00
5.388544732447647867e+00
4.163140959938105290e+00
5.925103959800673614e+00
6.933304587327803858e+00
5.897569752608788463e+00
7.038860405932357622e+00
6.338824645608120534e+00
8.515594429581211600e+00
8.474916303355096048e+00
8.180008467418829810e+00
7.739646249491539898e+00
7.378883115242140356e+00
7.017026960258171187e+00
9.010107246975566753e+00
9.602352450686300500e+00
9.115500256499334597e+00
9.447260353092822527e+00
7.052347243605370686e+00
7.728892926170580324e+00
8.528319061256459221e+00
9.456177827229829802e+00
9.689516421498730381e+00
1.095900736700961176e+01
9.737200971479179401e+00
9.460169817463951247e+00
1.029438124790901199e+01
1.273830489115433906e+01
1.145066311076600662e+01
1.280966752572481759e+01
1.321502319963219740e+01
1.126100034641044090e+01
1.299838543910116506e+01
1.344270201725930747e+01
1.194779028804915555e+01
1.262851987626994266e+01
1.461091779388973144e+01
