-5.000000000000000000e+00
-4.933110367892976633e+00
-4.866220735785953266e+00
-4.799331103678929900e+00
-4.732441471571906533e+00
-4.665551839464883166e+00
-4.598662207357859799e+00
-4.531772575250836432e+00
-4.464882943143813065e+00
-4.397993311036789699e+00
-4.331103678929766332e+00
-4.264214046822742077e+00
-4.197324414715719598e+00
-4.130434782608695343e+00
-4.063545150501671976e+00
-3.996655518394648610e+00
-3.929765886287625243e+00
-3.862876254180601876e+00
-3.795986622073578509e+00
-3.729096989966555142e+00
-3.662207357859531776e+00
-3.595317725752508409e+00
-3.528428093645485042e+00
-3.461538461538461675e+00
-3.394648829431438308e+00
-3.327759197324414941e+00
-3.260869565217391575e+00
-3.193979933110368208e+00
-3.127090301003344841e+00
-3.060200668896321474e+00
-2.993311036789297663e+00
-2.926421404682274297e+00
-2.859531772575250930e+00
-2.792642140468227563e+00
-2.725752508361204196e+00
-2.658862876254180829e+00
-2.591973244147157462e+00
-2.525083612040134096e+00
-2.458193979933110285e+00
-2.391304347826086918e+00
-2.324414715719063551e+00
-2.257525083612040184e+00
-2.190635451505016817e+00
-2.123745819397993451e+00
-2.056856187290970084e+00
-1.989966555183946717e+00
-1.923076923076923350e+00
-1.856187290969899983e+00
-1.789297658862876617e+00
-1.722408026755852806e+00
-1.655518394648829439e+00
-1.588628762541806072e+00
-1.521739130434782705e+00
-1.454849498327759338e+00
-1.387959866220735972e+00
-1.321070234113712605e+00
-1.254180602006689238e+00
-1.187290969899665871e+00
-1.120401337792642504e+00
-1.053511705685618693e+00
-9.866220735785953266e-01
-9.197324414715719598e-01
-8.528428093645485930e-01
-7.859531772575252262e-01
-7.190635451505018594e-01
-6.521739130434784926e-01
-5.852842809364551258e-01
-5.183946488294317589e-01
-4.515050167224083921e-01
-3.846153846153850253e-01
-3.177257525083616585e-01
-2.508361204013382917e-01
-1.839464882943149249e-01
-1.170568561872915581e-01
-5.016722408026819124e-02
1.672240802675606375e-02
8.361204013377943056e-02
1.505016722408027974e-01
2.173913043478261642e-01
2.842809364548495310e-01
3.511705685618728978e-01
4.180602006688962646e-01
4.849498327759196314e-01
5.518394648829429983e-01
6.187290969899663651e-01
6.856187290969897319e-01
7.525083612040130987e-01
8.193979933110364655e-01
8.862876254180598323e-01
9.531772575250831991e-01
1.020066889632106566e+00
1.086956521739129933e+00
1.153846153846153300e+00
1.220735785953176666e+00
1.287625418060200033e+00
1.354515050167223400e+00
1.421404682274246767e+00
1.488294314381271022e+00
1.555183946488294389e+00
1.622073578595317755e+00
1.688963210702341122e+00
1.755852842809364489e+00
1.822742474916387856e+00
1.889632107023411223e+00
1.956521739130434590e+00
2.023411371237457956e+00
2.090301003344481323e+00
2.157190635451504690e+00
2.224080267558528057e+00
2.290969899665551424e+00
2.357859531772574790e+00
2.424749163879598157e+00
2.491638795986621524e+00
2.558528428093644891e+00
2.625418060200668258e+00
2.692307692307691624e+00
2.759197324414714991e+00
2.826086956521738358e+00
2.892976588628762613e+00
2.959866220735785980e+00
3.026755852842809347e+00
3.093645484949831825e+00
3.160535117056856080e+00
3.227424749163878559e+00
3.294314381270902814e+00
3.361204013377925293e+00
3.428093645484949548e+00
3.494983277591972026e+00
3.561872909698996281e+00
3.628762541806020536e+00
3.695652173913043015e+00
3.762541806020067270e+00
3.829431438127089748e+00
3.896321070234114003e+00
3.963210702341136482e+00
4.030100334448160737e+00
4.096989966555183216e+00
4.163879598662207471e+00
4.230769230769229949e+00
4.297658862876254204e+00
4.364548494983276683e+00
4.431438127090300938e+00
4.498327759197323417e+00
4.565217391304347672e+00
4.632107023411370150e+00
4.698996655518394405e+00
4.765886287625416884e+00
4.832775919732441139e+00
4.899665551839463618e+00
4.966555183946487873e+00
5.033444816053512127e+00
5.100334448160534606e+00
5.167224080267558861e+00
5.234113712374581340e+00
5.301003344481605595e+00
5.367892976588628073e+00
5.434782608695652328e+00
5.501672240802674807e+00
5.568561872909699062e+00
5.635451505016721541e+00
5.702341137123745796e+00
5.769230769230768274e+00
5.836120401337792529e+00
5.903010033444815008e+00
5.969899665551839263e+00
6.036789297658861742e+00
6.103678929765885997e+00
6.170568561872908475e+00
6.237458193979932730e+00
6.304347826086955209e+00
6.371237458193979464e+00
6.438127090301003719e+00
6.505016722408026197e+00
6.571906354515050452e+00
6.638795986622072931e+00
6.705685618729097186e+00
6.772575250836119665e+00
6.839464882943143920e+00
6.906354515050166398e+00
6.973244147157190653e+00
7.040133779264213132e+00
7.107023411371237387e+00
7.173913043478259866e+00
7.240802675585284121e+00
7.307692307692306599e+00
7.374581939799330854e+00
7.441471571906353333e+00
7.508361204013377588e+00
7.575250836120400066e+00
7.642140468227424321e+00
7.709030100334446800e+00
7.775919732441471055e+00
7.842809364548493534e+00
7.909698996655517789e+00
7.976588628762542044e+00
8.043478260869564522e+00
8.110367892976588777e+00
8.177257525083611256e+00
8.244147157190635511e+00
8.311036789297657990e+00
8.377926421404682245e+00
8.444816053511704723e+00
8.511705685618728978e+00
8.578595317725751457e+00
8.645484949832775712e+00
8.712374581939798190e+00
8.779264214046822445e+00
8.846153846153844924e+00
8.913043478260869179e+00
8.979933110367891658e+00
9.046822742474915913e+00
9.113712374581938391e+00
9.180602006688962646e+00
9.247491638795985125e+00
9.314381270903009380e+00
9.381270903010033635e+00
9.448160535117056114e+00
9.515050167224080369e+00
9.581939799331102847e+00
9.648829431438127102e+00
9.715719063545149581e+00
9.782608695652173836e+00
9.849498327759196314e+00
9.916387959866220569e+00
9.983277591973243048e+00
1.005016722408026730e+01
1.011705685618728978e+01
1.018394648829431404e+01
1.025083612040133652e+01
1.031772575250836077e+01
1.038461538461538325e+01
1.045150501672240750e+01
1.051839464882942998e+01
1.058528428093645424e+01
1.065217391304347672e+01
1.071906354515050097e+01
1.078595317725752523e+01
1.085284280936454770e+01
1.091973244147157196e+01
1.098662207357859444e+01
1.105351170568561869e+01
1.112040133779264295e+01
1.118729096989966365e+01
1.125418060200668791e+01
1.132107023411371216e+01
1.138795986622073642e+01
1.145484949832775712e+01
1.152173913043478137e+01
1.158862876254180563e+01
1.165551839464882988e+01
1.172240802675585059e+01
1.178929765886287484e+01
1.185618729096989910e+01
1.192307692307692335e+01
1.198996655518394405e+01
1.205685618729096831e+01
1.212374581939799256e+01
1.219063545150501682e+01
1.225752508361204107e+01
1.232441471571906177e+01
1.239130434782608603e+01
1.245819397993311028e+01
1.252508361204013454e+01
1.259197324414715524e+01
1.265886287625417950e+01
1.272575250836120375e+01
1.279264214046822801e+01
1.285953177257524871e+01
1.292642140468227296e+01
1.299331103678929722e+01
1.306020066889632147e+01
1.312709030100334218e+01
1.319397993311036643e+01
1.326086956521739069e+01
1.332775919732441494e+01
1.339464882943143564e+01
1.346153846153845990e+01
1.352842809364548415e+01
1.359531772575250841e+01
1.366220735785953266e+01
1.372909698996655337e+01
1.379598662207357762e+01
1.386287625418060188e+01
1.392976588628762613e+01
1.399665551839464683e+01
1.406354515050167109e+01
1.413043478260869534e+01
1.419732441471571960e+01
1.426421404682274030e+01
1.433110367892976456e+01
1.439799331103678881e+01
1.446488294314381307e+01
1.453177257525083377e+01
1.459866220735785802e+01
1.466555183946488228e+01
1.473244147157190653e+01
1.479933110367892724e+01
1.486622073578595149e+01
1.493311036789297575e+01
1.500000000000000000e+01
