3.271647220895024333e+01
2.752773642473346172e+01
2.609215845368305509e+01
2.540585686684094213e+01
2.747536869119662484e+01
2.727772802304937727e+01
2.511641798236206213e+01
2.076330378537193866e+01
2.358329627911098214e+01
2.399952861249492386e+01
2.755031130453687638e+01
2.551800632213222997e+01
2.472735444626067647e+01
1.800656374057494702e+01
2.523476814054419393e+01
2.394681300309023442e+01
2.013862077891075231e+01
1.510240354890392567e+01
1.650989274954568842e+01
1.658820667832327089e+01
1.957784410526998187e+01
1.629793103086442230e+01
1.591071479779170339e+01
1.655090172153486705e+01
1.361996923581047447e+01
1.670382418986424966e+01
1.869393709215050592e+01
1.594631704618297086e+01
1.247508970413361240e+01
1.266536464492517666e+01
8.119485007607188720e+00
4.448882241645540248e+00
1.003042769319437966e+01
1.365691105973041353e+01
9.654944728348331395e+00
5.948497762524152854e+00
7.522114965278403176e+00
9.086488119843883382e+00
3.521170887160328888e+00
6.525407124234981815e+00
6.397386623006005024e+00
2.881798812838278323e+00
4.322327910180752575e+00
3.188570213306280099e+00
9.581197780135479292e+00
6.205302568842935962e+00
4.378176718421848079e+00
2.615869312982605610e+00
7.902153956222104370e-01
6.493294766798266338e+00
7.083612263856123192e+00
2.783607243938557740e+00
3.779681147277416109e+00
8.908107213884255415e-01
6.527126069292683574e-01
4.439801922199997364e+00
1.711176712837527703e-01
5.272798385920337338e+00
-9.917279275738368760e-01
7.191436536026682091e+00
5.549760818920425720e+00
-1.300307084503385724e+00
1.887976199916327147e+00
2.049925208375555918e+00
-1.563140865026686921e+00
-2.758242325986493437e+00
-2.704679439426123544e+00
5.993656708666613930e+00
1.676448456813978360e+00
-1.153623717533860171e+00
-2.605110179695576678e-01
2.057822744341074372e+00
-1.222411901457060024e+00
1.583445416070530687e+00
-4.904988763256684869e+00
-4.736284448234814093e+00
-1.201985998452349408e-01
-3.310484498514452145e+00
-8.729858880696045320e-01
3.292612083946449442e+00
-2.129724469457062064e+00
-5.441952469443178675e-01
6.507923661465891962e-01
-1.043613369362048848e+00
-4.581015622616038563e+00
9.567091936636038518e-01
1.828190411864439424e+00
-4.299862892333567999e-01
1.154310701196362476e+00
2.655100320535681568e-01
2.855173113537079477e+00
4.257745037954520084e-01
-5.743019840196359471e-01
-5.552929131947144548e+00
-2.811204540055675771e+00
2.857254239423343556e+00
2.981770078150539405e+00
5.120143270564799565e+00
6.126187362048796103e-01
3.415792866129982119e+00
1.574556438523429192e+00
4.214601924400558808e+00
5.622844333528805194e+00
2.225314888503768351e+00
-3.315344066250577537e+00
6.192997404074880308e-01
-1.039882407715023938e+00
3.001234720045427018e+00
5.717360581918502049e+00
3.497894754623924296e+00
9.321459643839520304e-01
1.179326807503258578e+00
4.595260566981412609e+00
2.591123341470373820e+00
4.034904504253754354e+00
3.442835442998443796e+00
7.549924537515224188e+00
5.613219919416727599e+00
1.108745142863136479e+01
-1.554498577220499556e+00
6.379775925911709500e+00
2.701253129452349633e+00
7.521656077120527861e+00
9.047528635420444942e+00
7.036443336780609847e+00
2.322939903859900568e+00
1.188078744465058634e+01
8.777002117679938209e+00
5.497261252757714267e+00
6.391483977054628340e+00
1.145053973479600273e+01
8.542338151326580586e+00
1.164729606869187073e+01
9.439581847174357776e+00
1.223129083854441213e+01
8.619348001928196723e+00
1.690420969082384062e+01
1.496933207093474216e+01
1.592100899421400584e+01
1.419830692685246198e+01
1.157595463013401726e+01
1.887126301921999882e+01
2.138860591994887983e+01
1.833946255233742306e+01
2.523447082071904291e+01
1.540436516043629211e+01
1.867857641189292295e+01
2.646586879668711845e+01
2.001779245891043502e+01
2.235206038188184863e+01
1.704988123794619170e+01
1.966031016427002953e+01
1.888522005251167002e+01
2.415478720274305502e+01
2.170024049043474079e+01
2.799881835482766590e+01
2.553887181521167449e+01
2.361614857123062095e+01
2.214504439677591918e+01
1.994919628826886182e+01
2.508960539780491672e+01
2.768386487454028000e+01
2.893861865475176742e+01
2.930011563055192880e+01
3.223939078498378308e+01
2.981220792782330520e+01
2.829306994314530144e+01
2.824721372512695083e+01
3.115863064817644457e+01
3.198596045747875749e+01
4.036707292064061647e+01
3.365364989200767809e+01
3.864506724977478314e+01
3.329340708433651486e+01
3.809603032188353211e+01
4.107872358049283434e+01
3.960712974180994905e+01
4.010862178103132436e+01
3.693515679355630255e+01
4.054976380344856324e+01
4.277257709592931434e+01
4.710001419805838196e+01
4.330274229025400956e+01
4.182736865724510977e+01
4.705679211873587064e+01
4.183760458264728754e+01
4.457405185570797812e+01
4.929102783339112648e+01
5.010028897415485716e+01
5.153999678458445288e+01
4.471844529489151654e+01
4.811742623308878564e+01
5.641949240810318145e+01
5.410231790751669934e+01
5.527254869454129960e+01
5.616199126083912319e+01
5.603011166316096592e+01
6.441962638194979718e+01
6.460072443201981685e+01
6.059267601985159502e+01
6.400149996817869180e+01
6.194870519859265556e+01
6.837564101266717387e+01
6.410460208494086487e+01
6.684772142797513084e+01
6.815276642063442125e+01
6.777580122769228410e+01
6.735136573809197102e+01
7.096919663202112361e+01
7.119711497156576741e+01
7.289240332287336344e+01
7.270813648628740111e+01
7.107149622119533205e+01
7.003397129882286265e+01
7.678539169567923750e+01
8.338983446284893830e+01
7.232925376535533246e+01
7.760028650759380753e+01
8.175245396690468169e+01
8.408284340035653770e+01
8.677893907809261975e+01
9.016232190577783001e+01
8.603445998125192773e+01
8.802103414713506879e+01
9.129753309606482503e+01
9.169555460505523570e+01
9.322820098224475771e+01
8.702497451144884621e+01
9.033326444257201615e+01
1.033093471085598480e+02
1.019363995414291821e+02
9.915349932147742607e+01
9.492866042208525812e+01
1.060728994099176106e+02
1.032812693596953295e+02
1.010353969462784249e+02
1.047781275268805246e+02
1.058454547497703118e+02
1.046830013193225000e+02
1.078630651166562302e+02
1.127696225630556484e+02
1.072336604823277924e+02
1.143163357996275096e+02
1.183055593217643775e+02
1.127503285406402540e+02
1.205743024631039475e+02
1.153306267304608355e+02
1.179784256799628537e+02
1.182071668700797886e+02
1.299375470775696044e+02
1.234575422941505707e+02
1.268763576811213341e+02
1.325642127975491178e+02
1.311438369900605778e+02
1.311358418227122797e+02
1.356447438422023879e+02
1.354794403708773132e+02
1.390373357361354749e+02
1.404499317160264695e+02
1.366553220380542655e+02
1.409165387166949586e+02
1.408962793638852133e+02
1.445495925376925470e+02
1.497964266794410548e+02
1.516448740527918062e+02
1.464606287540848371e+02
1.470237216358168837e+02
1.537275955252985398e+02
1.541713301408932750e+02
1.505129162609223954e+02
1.592741205003972880e+02
1.584671831275875320e+02
1.611104866420403994e+02
1.632449137444628775e+02
1.623147984229090071e+02
1.654320499641625588e+02
1.638314189330678232e+02
1.629939785793378064e+02
1.726868432519507621e+02
1.732084059274740753e+02
1.726153800811085546e+02
1.770337657009299903e+02
1.762414076306738480e+02
1.822473756574198944e+02
1.848296100779704147e+02
1.823254367439817258e+02
1.846444291728658413e+02
1.829304494792617390e+02
1.904852758535788553e+02
1.904464904897165241e+02
1.922246041555159479e+02
1.938336865296384701e+02
1.964912076628393152e+02
2.015716360311850508e+02
2.025054932358451367e+02
2.051509409495935188e+02
2.110134882936420126e+02
2.074966909652511902e+02
2.079646766794007817e+02
2.097669496703349239e+02
