-4.351650518900363473e-01
1.282544110404830690e+03
-3.162983947573772457e+04
-3.211213202018472657e+03
-8.393774594249543952e+02
-1.116131182250435450e+04
2.673055318001412495e+00
1.559811244333552560e+00
-2.738726554486431652e+00
9.770652866805256053e+03
4.052456192180820267e+02
3.783308599401310257e+00
-9.477960820662242325e-01
2.547666108056998837e+03
7.878796275613155764e-01
1.847775681012325810e-02
9.329450494518264350e+02
1.507195901674813854e+02
-4.432990023207837638e+00
-3.154116580670752734e-01
-4.983814359912270220e+02
2.744253895710223823e+00
-4.352814101546247927e-01
1.158465346979160842e+02
3.383359980846268877e-01
-6.099167939496187319e+04
-6.155231639140021471e+00
4.559397040760997388e-01
-5.441914046002479921e+01
-7.157717547811318637e-01
4.470153243313107851e+03
1.359034667868882480e+03
-3.416875104784662387e-01
-3.477800072452265158e+04
5.365566813434035794e+03
-6.335425913185188662e-01
1.228683887154869080e+04
-2.599259687264159584e+04
-3.737882787703089889e+03
3.977777384356439683e+00
-1.562603497250825967e+03
-7.109836811620972030e-01
1.131893759009028610e-01
1.930076288419657615e-01
8.651841590450274344e-01
-2.095599663395405265e+00
-3.847757782777331886e+04
9.374416214376313228e-01
-6.522799975749941837e+01
-7.719613321003240269e-01
-2.963375902407733520e+00
-1.815445695608700616e+00
1.062442855466902984e+03
-3.860611394787251349e+00
3.316023458525398038e+00
-2.889474759659244540e+01
-5.998152606945325533e+04
5.223827937064227100e-01
1.712716748424666591e+00
1.084501524657560667e+00
-2.443471522571133221e+02
-1.756567327281393531e+00
-2.490737158268461371e+03
-3.129654954748020100e+04
-2.890416611396224855e+00
4.661012699389917202e+01
-1.154362922853800599e+00
-4.400633623019114748e+04
-2.216173610461374111e+01
-3.179271443456395119e+00
-3.813217362420723475e+03
-1.356955619803291713e+00
8.628574884615525662e+03
-2.685170203294304780e+00
-1.050897072808189670e+00
2.788314972997937275e+03
-3.165136647607042164e+00
9.765069469324862972e-01
-6.001615346961524100e-01
2.117354367068421652e+03
-1.856181065453191366e+02
1.028202534180725110e+02
-2.164462037716504028e+00
1.441784910711724210e+00
-1.645290914838664076e+00
-9.457303180938403239e+04
-1.784970193421157314e-01
-5.393399655958935909e+03
-2.007528188251218353e+02
-3.359505685980777479e+00
-8.873624462579795535e-01
1.617326723353375462e+00
-9.147603962810804124e-01
3.051344468944155963e+01
-2.673027294336712885e+02
-1.220743915281661929e+00
8.920292091766847079e+03
5.570323490394657462e-01
1.465384029200552732e+03
-2.266956527885291894e+00
-2.016835468282370357e+03
-3.115926571358572872e+00
-8.108958181249913468e+04
2.586123681440701816e+00
-5.092374085046015963e+00
1.525097498882402203e+00
2.171430718147957577e+03
3.520500334261958741e+00
-1.073998873260534538e+03
-4.995895813128090595e+03
-1.064403728468452391e+04
-1.377931696175860816e+04
2.323141470411878799e+03
-2.116838469149916477e+02
2.182499159659682775e+00
1.391780785734841874e-01
-8.504706122267001547e+02
-1.526017628948302900e+03
-2.436912194913058549e+00
4.491571863115611905e+02
1.241261526156897110e+00
-2.130638435934115932e+03
-2.832630450323569971e+00
6.201171117073351891e-01
-7.263865481790813261e-01
-1.479287418092478434e+00
5.031501921000382936e+03
-3.003995462581402265e+00
1.512688349310604252e+01
-2.636710297463865871e+00
-8.048061998024665931e-01
2.853281205300865167e+03
2.434697908273144094e+03
2.459136307138071853e+00
2.393052687396655553e+00
1.193979592935605349e-01
-8.107952648402018895e+03
3.013589791711643556e+03
1.715438025051518878e+00
-5.668498213825967832e+04
-2.923864553181251047e+00
-4.828737318682146724e+04
-2.245191877439613563e+03
-6.291569867850616760e+01
8.793315833319485364e+01
-1.144221370129822390e+04
-5.101909387556657904e-01
-4.136718912729698786e+03
5.883019938331005960e+02
2.730614719550437108e+00
-2.960785436511308433e+00
1.976874506087618499e+02
1.021522944418109802e+02
-3.170763948889421258e+00
4.642093214470076390e+00
-2.674737239144950217e+04
-1.829768313320745392e+02
3.274314709971333741e+02
-5.655062027091704380e+01
-2.498407903128379015e-01
-1.418478650784612228e+03
2.358739722266526506e+00
4.541698861541125552e+03
9.259331448566611300e+01
4.428358661999802770e-01
-6.466803978574852226e+04
-3.569775172859137036e-01
-1.270686663056235455e+00
-6.982928628354088119e-01
-2.233040997578762621e+00
-3.703880783575930202e-01
4.529712751669452420e-01
-2.232309926475283035e+00
1.381149682593730290e+02
-7.945253859981741698e+04
-4.364227221745276886e+00
-1.593519691370743896e+00
-4.918211420623659791e+00
1.773414551158052973e+03
-2.172832179264818842e+04
-6.848725269682734506e+04
-1.036151832016315000e+00
-4.596145327316919975e+03
1.157245079747359906e+00
-2.611758133058869134e+04
-1.533849651162431292e+04
-4.614450451652888363e-01
-5.351888601055520849e+04
-2.404788004131279688e+00
-6.817203332601080579e-01
-1.902683803901292322e+03
-3.921163038754756247e+00
-1.307223401645763033e+03
1.160896988945934964e+02
-1.223983466872216042e+00
1.033430947476305482e+04
3.463805637651836911e+00
-1.436055549720535840e+00
-4.003402066275174730e+04
4.454294249420277652e+02
5.630764733166443875e+03
-3.674370557696991391e+00
-9.147364351097988333e+01
3.542132573236638216e-01
-8.380922048706206624e+03
2.509637980602721363e-01
2.908473182882572019e+03
9.672610913319000247e+03
-1.025511376791559126e+00
-1.228275725236511073e+00
2.040157319404593750e+02
6.585260195979334430e-01
-8.759693591501196419e-01
3.024999328835138385e+03
-4.731970803787740598e-01
-4.480410082890473859e+03
-2.614200153790764671e+04
-1.530447901098515917e+00
7.200852643388562235e-01
3.244602058769108339e+02
-2.704917562041274505e+04
1.013808855600354377e+03
1.151446416768218795e+00
-4.169493051830708286e-02
-5.422043694107694378e-01
-3.234627752023119683e+03
-6.345708541950024539e+00
4.384417035120436879e+01
-2.977174888980811396e+00
7.383512876706253110e+02
7.055920358421922174e+02
-6.244212402034042819e-01
-8.213022956774530030e+03
-5.798752664801220362e+02
6.237406939402546868e+01
2.030325390531146024e+00
-2.161772105248985110e+00
1.453792354618180980e+03
1.042265503053907416e-01
9.645692356585092284e+02
5.736625016256710978e+02
1.129088726575216270e+02
1.799397188068136089e+00
1.849244787780713661e+00
-1.928342880828290973e+00
1.860181150743551171e-01
2.065774526714614368e+00
1.101007531337000671e+02
4.669488107284310630e+00
2.023207670881567166e-01
-8.968407077972646135e+00
2.208011468762089535e+00
2.082820519188809172e+00
8.398398260975691301e+02
9.997948538464738188e-01
3.052460265734907807e+00
3.230951703177155565e+01
-1.394746448231775730e+03
5.118151181132913621e+02
-1.461151012697109897e+00
-3.350794063976648613e+04
-5.649617537432427383e+01
2.441130180336282137e+03
-6.769184356632093113e+03
-7.756687147568017826e+04
-7.219304430182591022e+04
-3.039133786731769504e+01
-7.466833068478989617e+02
-1.052290473968192828e+03
-9.344321932802091002e-02
5.271761564620977879e+03
-7.631992746845734921e+00
2.561594775028423101e+03
9.637537928934794763e+03
1.203939202617552553e+02
-2.334309532558706213e+00
-2.296805984407610231e+04
-2.520130077988331330e+00
1.632279846237696859e+02
3.250036091794841013e+03
-3.941207396384285744e+01
3.560483364673801816e+02
8.627350307131191887e-01
-3.079328609336733358e+00
-2.388512358531266102e+02
1.003255775359170548e+04
1.476638902670794895e-01
-3.792607528209794054e+02
1.171179684316435488e+00
4.504419488010118755e+01
-8.148668300181419909e+03
-4.231805806040387097e+01
-7.084297216199025570e+04
-3.855337087805094765e+00
-1.034052842358443858e-01
7.607492653851430987e+03
1.268635121078492739e+04
-2.722714194920557329e+00
-2.626634773759023744e+01
-2.735529504119940043e+02
